20000 200 12 0.47317393619056 0 0
0.126526357360489 -2.71840245172905 3.75484549710715 0.435618962931621 -0.0811307368790842 3.2839875509366 0.978657182576958 1.49031901020051 -0.469593890078732 2.78503349548778 3.33364679337213 -4.53007977364994
0.845885160081322 -4.30546033673093 0.827930220890451 0.756344604486885 -4.18625715320284 1.98384515025908 -2.77543456252219 -1.54260230850464 -3.60448185868904 2.29740517074535 0.284786367867933 -4.44866801465068
2.19189548985772 0.110449639534302 3.76675847499858 1.50602801989861 -4.53997166031807 2.14712669745115 0.942440179788628 -0.26580858633884 -4.66999918226851 0.656619571298476 1.94138355037627 -2.10642600090951
-2.03170118006172 -3.1697893821069 -0.795321323212069 1.71660829979271 -2.52037926972515 1.22219414061526 -3.20913109687522 -1.61447946567044 -3.36226295408303 -1.60603182521316 2.48176118396026 -3.76756075744502
1.69313138836974 -0.0681502227023472 0.81767231808243 -0.923358411233637 -2.74591234563775 1.97155455115671 -0.682097535528557 1.31400908512455 -5.42181713291945 0.29614008131955 1.92200454451613 -3.00615303938554
-4.34099366095916 -11.6755682139916 -4.7298406176652 -4.57171746591527 -9.62010285758074 -2.28635820003666 -5.40656917058686 -5.99114211140936 -10.5189812630002 -5.27357784881944 -3.05773945121382 -8.3286356524899
0.208169968204369 -2.08286451984644 2.05759730687608 0.304871181573593 -3.3214153007215 3.9275987972044 -1.51739805162716 -0.856328029245994 -1.88782298985012 1.98121221300113 0.747939302928337 -2.76027076391113
0.82725677055195 0.313121745877359 -0.287250996336604 2.74413732332848 -4.1388525320025 1.32229704698167 1.57256495645273 3.38854913390317 -2.63313591066916 -0.0988766119251445 4.61789998553559 -1.13984278803852
-4.5085889938389 -6.35229550082839 -2.54445199382426 -1.63891956843837 -6.30477393523878 0.104741693482366 -5.28995406849011 -4.14180264150362 -6.89239064597784 -1.63095225453772 -3.14597302355851 -7.24892222564083
2.70193749781765 0.241539533876852 7.50264912252708 0.954294502549238 -1.67894974388252 1.41106213616161 2.20291777513348 2.09747895505493 -1.93820410270054 1.82274071932053 3.26948100745284 -2.2728674435554
-0.0483907365919953 -4.78943765275228 1.15966684484263 -1.80796512929378 -3.944770807338 -0.338149263025048 -3.22720994879558 -0.844994356399561 -6.51376615399772 -0.884015251266092 0.570614164070345 -3.80863998183636
1.18201541688963 -2.27862886667214 0.10469322317068 -1.29049594878667 -2.17703202169696 4.70338703647147 1.34635695646419 0.771382516111386 -3.61277067380683 0.222672636774061 1.58217435881489 -3.77683129328027
0.922933989562051 -1.35210955547874 2.50805624258394 0.799745747954532 -0.659376904345352 2.98067198337632 -0.315690358427878 2.18131963529924 -0.358563579369759 3.03437489175996 5.01735269668003 0.0262181784885396
3.3206315348024 0.638612138492369 1.78016287350655 1.58951286512763 -3.82516715682276 5.33341568217169 2.60750804699914 1.01514552936635 -4.56107034496802 -1.18910087900051 2.04867906439576 -3.99962164580505
0.597900067138841 -2.5768089001014 1.81188845705218 1.36426642734168 -2.5637717137806 4.53099671870855 0.859450169789116 1.6809032550865 -1.74058339203276 2.52030269091741 0.619716868406129 -6.05790812345801
-2.29678721906153 -9.14888927495515 -4.03090142369369 -6.75819245525931 -9.59411418408308 -3.1306376561394 -8.96902123939202 -6.38609564008298 -11.8363220979553 -4.14976636872735 -3.09983529369939 -7.33783315287348
-1.8052117420219 -1.9889644741138 -0.453562819830114 0.35889083384265 -6.27884628992639 0.216995229880103 -3.0826382627328 -1.77749462178336 -5.97095883069964 -1.04685110908388 -0.428543277934964 -5.98046952366923
-2.17319626921763 -7.26740023615062 -2.11664101128686 -1.10260838266173 -7.3919612746786 1.26767902888297 -5.22735368578457 -4.74473176486455 -5.75902626627444 -2.07354800523686 -1.89566483223418 -6.82903875672291
-1.43133439848043 -2.87788217716231 2.6282918575904 0.699642997622527 -2.30749364037522 2.36441685003744 -1.78759530201211 1.19757236366694 -1.43418450887742 0.482775147959568 0.904445490228199 -2.25022856982799
1.2865101526673 -4.9613401396729 -1.59836656859211 -1.34544846107074 -3.30711217866386 -0.168181347702117 -2.39889037254381 -1.08653983326986 -5.58630782447165 -1.15001715566631 1.34605046722752 -6.01311129809399
0.191516148011658 -3.6246321244446 -1.20270919614 -2.09385802485756 -3.58349667809354 0.321644396862273 -3.50038960960132 -2.06931043160084 -5.4069495422153 -0.654325492809303 -2.1964142179302 -8.22428479016388
4.00424556082595 0.115916587295187 2.00530702489906 3.35083210436613 -1.17239624517271 3.61418076956996 -0.951511949249311 3.32358493976905 0.547477131191073 4.0245404995865 2.60369122256784 0.862859724964731
0.69350440047875 -0.485335025169253 1.29370258383047 2.0921045969083 -2.47909255994647 3.33008579896344 -0.910581371878234 1.2771630819707 0.539149730350219 1.17394142027789 4.22914658956698 3.2141812370946
-2.06701405067652 -8.15407474919348 -0.758664370438924 -2.52539814377506 -4.93861445829033 -2.39392205872966 -5.42184365513591 -2.47925912236838 -7.56262212025356 -3.03310641673268 0.109509882226119 -6.4259488502849
-1.63160196487192 -3.98310487096309 6.16567365978166 -1.47557387716598 -4.94558544412079 2.28925476510486 1.9189916317555 3.20196545609658 -3.57619762029949 1.42852372614797 0.916497618675224 -5.20496032846649
1.36933360546236 -2.92675006332709 1.6643967288594 -1.1552158966251 -4.98182555768635 0.393257746265901 0.482466844432882 -0.97163315695589 -5.03194597481483 0.3319257186603 1.04131106055726 -4.59156152307067
-2.50594507965924 -5.69826878471518 0.525402414707965 -3.24621177450665 -7.26189585522545 0.26441738550769 -3.2979256977001 -2.50746162214043 -7.98552702118593 -2.018105967087 -1.03049157043649 -6.9965625913592
1.04840588790092 -3.23758453047067 1.32635153016771 -1.04190559582126 -1.16750856505118 1.37488898933472 -0.748011115158986 -0.561202596936889 -4.10962598406848 1.37922548281143 0.170102634646943 -5.08067512715883
-1.40252700987556 -5.00224354665984 2.2034407688381 -0.677836811709198 -3.70051274602148 1.00229917134469 0.115030898108547 0.479421674898909 -3.16455972065589 0.0924995133964999 2.03888028678081 -3.18542312085095
-3.85582103774745 -9.61311223397975 -4.47302519151867 -4.19168675966666 -10.0819341250212 -1.05072953103434 -7.5952492959357 -6.94338626961833 -7.93807018753093 -4.92211994509901 -3.73881433898956 -8.70732843185841
0.84703532774432 -2.53981208602504 0.223647677019916 -0.515359998879036 0.0557647157116227 0.59102821327546 -4.00631410864664 -1.56687024138817 -3.05087506102853 -2.14861893515634 0.578649827890607 -3.92735977694552
0.0480743724822552 -3.76668491381101 -0.842889359574429 -1.87479881075369 -4.56285264919642 2.92366182774807 -1.20008989069363 -0.969144065718561 -3.96872001207337 0.783692189494747 0.0808679961909931 -7.8628689960904
2.13240639673412 -0.913298847840281 4.40529192107493 0.199776404958803 0.966768740980622 2.36285966356361 0.36434228417924 2.33690981404207 -3.51772975335158 1.96450696402019 1.90491294046917 -4.4578618467804
-0.188247946534572 -5.24443722664985 2.65517065669848 1.08208693291738 -6.62018213988752 0.694108121907589 -3.0960412502321 -1.53566833834432 -5.16362379132703 -0.857458228994685 0.260887467672455 -4.87494959715641
4.06185115072986 0.0903609570413342 4.40056009216636 3.30189897157803 0.927288030547005 4.97648437909545 2.57315800291073 3.04340466772002 0.800976199918339 4.12849769738942 4.00832109810833 -3.05090657084149
2.79516062373218 -1.52191837917781 2.85624054042358 -0.0374072002616193 -3.64317020181106 3.43057191284748 -0.939836687633287 -0.341049868586357 -3.93962140500922 0.0222343908052665 1.68380886641108 -1.53754550832006
-0.818532667597691 -6.82828743084818 -1.4788950905103 -3.50923882738193 -5.42536647604732 0.430139362883794 -3.06551693175266 -1.11359366715325 -5.85171350847696 -2.69470376063942 -2.21908892452281 -5.74744966748397
-0.872249604590206 -2.71832906605797 1.24488732569492 -1.87759022609546 -1.96313222042408 0.841354996526612 -1.77451549267671 -0.946493000901753 -3.64519997848903 1.51008959409606 -0.455158040846917 -3.43210634272886
1.23307025214443 -0.936561310676222 6.2481513275998 2.9200694047112 -1.64284863557939 3.22103096766525 5.55183980307422 2.14748553012814 -1.08501497173746 3.33598352554511 4.8234459170839 -2.7955306715739
-1.72733096634067 -6.14815522761298 0.292352978719461 -3.9647161141753 -6.38456111796347 -2.16313003785181 -7.20434740740145 -3.41795436737775 -5.66738441964351 -0.725290514955162 -2.57000821531419 -5.47256111370046
0.560046788121657 -4.81454186074206 0.323338635354269 1.23257962288625 -3.84568664496381 1.39013730602425 -0.228863845829456 0.14142528850839 -1.68154207329074 0.44214630317657 0.692717093650946 -2.45970427653532
-2.94214003898159 -4.64762437024113 -1.14386952329312 -1.7772264764691 -6.94093274067863 -1.43218798848028 -5.515699505927 -2.86795652338368 -7.90977469634253 -0.357148232490692 1.0136041983395 -3.8267838950955
-1.54584856588143 -5.75369934272838 -0.92237397197178 -0.944846127945354 -4.88195967551227 0.754049416213413 -2.60340274997724 -2.45463847886133 -5.1382989327032 -1.07581195189499 -1.14991956456039 -7.1614751702607
0.128364515091879 -5.76982895129632 0.916586499379219 0.868336405840697 -4.41264808896222 0.401290150872907 -2.1978273689789 -1.86547523329163 -1.78333412376387 -0.421885154187761 1.10175968511303 -6.10515420203571
-5.26289430378731 -7.04415198849983 -2.49224631608102 -0.708096884676495 -6.64234602696807 1.30037112416645 -2.3955092527508 -4.37503205891732 -6.69104628968014 -4.15654453881961 -1.66762930249967 -5.35672771876817
-1.87512429518273 -1.4604180013646 1.89422892161701 -0.142580046640581 -3.70485152614015 1.65983331266335 -0.637472483882026 -2.2831605972654 -3.6999867144982 1.3486510995309 1.52592668885241 -4.49632973274735
0.111805735760489 -2.59699826443444 1.48287041396913 0.820619204805257 -0.930484573711947 0.00134654678064394 -2.39753112419853 2.96092650032187 -3.81270499762234 -0.504621566467786 3.66738965662282 -1.96394279500947
1.21328533063631 -2.62557732353283 0.580275253806656 -0.162928961030313 -2.44189584752902 1.21679021637422 -1.98315702570317 1.28112630694028 -2.45269961121609 -0.354769317551898 1.80954602226769 -4.6647079319238
0.724357936071431 -0.926747154016481 1.49755727791211 1.40901774300293 -1.13857035314623 5.03296904180839 1.40443725687257 2.38946346195475 -1.36390259094221 2.2161688012147 3.0651913302951 -3.00328546860722
-2.15818818420251 -4.13333476428119 -0.136729577041113 0.485223987545409 -5.03906772135656 3.71703704685312 -0.315584533804045 -0.904761770850557 -1.93864685993706 -0.492579851027846 2.4497554578904 -3.54279786466129
0.268010725355897 -5.87110465390194 -1.90466268640814 -1.18031591774841 -3.59222315829544 2.36724788378308 -0.428742510163686 -0.786411403090693 -4.12816855529589 -3.47940742231058 -0.132237618135785 -7.6533360793952
1.18419457406184 -1.46686290814412 4.42527524650711 2.02743968134899 1.30623311153747 3.59495142204133 0.63537037714506 3.97272700485546 0.541419915048853 3.63046578474197 3.58651737642549 -2.52705026513537
-2.99956307681862 -6.35991101101876 0.626007301788633 -4.07869393917864 -8.44478517230449 -1.99164119725312 -3.24817917320597 -1.5608954032483 -7.41129308460136 0.781073070279517 -0.526719229383589 -6.44544103681864
-2.99280821045519 -4.95096138263077 0.32584117401844 -1.21589670118342 -7.43686449272689 -0.0025705370462499 -1.30515789778204 -1.19274556505923 -3.79141427232986 -1.15360476797054 -2.13133047020015 -4.05171773027243
0.43665545169018 -0.451161000031068 1.59540445873622 2.06887333601169 -4.27616886785111 4.96650888677385 0.019260439672413 -1.82502036120373 -0.187856197542094 0.297849905063897 2.24113619003916 -2.42473346790732
-1.45257913275824 -6.01516764089406 0.62773069428142 -2.18255677416613 -5.61360902039103 0.768023154093395 -1.92189862842363 -1.86899297677572 -5.79464586301271 -0.865681569528192 0.779207576910457 -5.59012123123648
-0.0314550612542507 0.383399224588702 2.81819346572406 1.04557149164854 -2.66469471274159 2.80783659411618 1.41497884323382 1.03255529104709 -0.491673342368026 3.66523230401176 3.40555093321046 -3.22240874811218
-0.680258116421136 -2.19907760269406 2.83792692569069 -1.3829587817635 -4.17611743169084 1.38616939310632 -1.54447712698462 -0.643055371644143 -4.21957155755549 0.0448605688920369 2.1241045388818 -2.81529913369637
-1.63568096750538 -4.58974623612964 1.70943819440902 -1.0121108911326 -4.01583961280644 0.755891873240752 -0.996293483852882 -2.26193583891575 -5.64578024436651 -0.142409887459423 0.748630397589458 -5.03191169121171
3.66685383541054 -1.0283328666107 4.91076565796109 1.17791409666316 1.4157233451284 3.83511302798312 -0.622196973286371 1.23830178304776 -0.0421172977402949 3.57767169902219 0.901244093506041 -2.72825748162837
-0.838265343141368 -1.7036481431476 4.79309061741323 1.80950811739494 -4.6861097130523 1.86196123242483 -0.0409662013356935 0.919906174417318 -1.78891391129184 2.17953219200319 4.57205034420078 -5.28379197955378
1.65386873216762 -3.46888981905859 1.21437184962088 -0.81964247387903 1.61810038504845 -0.947289043498266 -1.24646017641904 1.35616092576646 -4.16488320176629 -1.32329068917605 2.29903910787544 -4.24284421071298
-0.214572076990634 -3.84019386703702 -1.74363986626383 -0.172017892844999 -4.55998117451625 0.0265082762807609 -2.38375006758584 -1.11175294522979 -3.92720719773828 0.97719656838824 -0.834582263678809 -4.15228078527952
-1.13103933593186 -6.74500075155853 0.447459398342535 0.339590207786033 -4.01195748683926 -0.542369844186555 -2.35228330805056 -0.706265216585695 -4.15366467161386 -3.10780666744769 0.107268695730411 -5.05527801049797
-0.31980830751493 -1.31553046885034 1.11839651838712 -1.20382741011981 -2.29536453755053 3.01191998044684 -3.36734711543719 -0.751706615947123 -5.05502552445146 1.62974610819984 1.52723525635092 -2.20792406797378
0.68350678033606 -0.963653527763045 2.415096490317 -0.426045085813652 -2.37453314287839 1.04072779858782 -1.38568853198813 -2.15688809293792 -4.21539145810095 0.969553690922403 2.45984289515177 -2.2609564018854
-1.45531437969765 -7.40328641324193 2.26209506069593 -2.06525368772932 -6.00966093663514 -0.407971061637946 -2.90363445723187 -1.87666794278676 -6.31704441126854 -0.339796744882625 1.08460227865331 -4.78886174188789
-1.44829039034242 -4.98587432469359 -0.538596744180076 -0.667574913526602 -4.27074662724081 1.00329817232962 -0.776627206316602 -1.44409741343516 -4.71031614988386 -1.72018107330555 3.49845843221195 -4.51908201931808
0.0362314085830586 -4.01268388067091 -0.294528764301517 -2.82955629975637 -3.44542045856403 0.768667339757617 -3.2000907323163 -1.0975416329794 -6.50688566876744 0.051882423750355 0.789447576617388 -4.98027337891857
0.94187249620254 -3.17354898443779 0.550095981483427 0.370218011540764 -1.60272180482549 1.76582357776803 0.8932891326293 2.05896547728291 -1.67818540261627 -0.54979845637395 1.45918011744631 -0.392761654984614
-0.163815147460203 -3.16259806462474 0.751280283001541 -0.582104860009187 -3.10883628727066 -0.27945796442975 -2.51357667072872 -2.17262008377003 -5.21046035013698 -0.914009123057053 0.513657456968757 -5.1928374338714
0.783496434813442 -5.5629399764811 0.692368106824438 -0.572897000583548 -0.872612130486461 2.05105719303215 -3.73517770519961 -1.32972513100151 -3.09974773446475 0.139332851081818 0.702818172240285 -2.94084255083355
0.30376163372293 -4.13111592737252 2.27779112324753 -0.413086727930767 -2.29374158111252 1.12831852953059 -0.348984642536544 -0.329795656089665 -2.57486622389048 2.49344972103544 2.08271458942708 -5.29493384386374
-0.29599163341198 -4.67166799366874 0.387405038493243 0.0726407139086189 -2.27746318630497 0.239751302522115 -3.81433947823742 -2.71474089372363 -4.53273850104022 -2.40913383322196 1.80894681520432 -3.34726346385079
2.2505648256968 1.97936763598765 5.35549929418527 5.27751302041818 -0.393534947871631 6.08894130735864 2.76057193846481 4.24819057076232 3.72452846217186 2.43263456117357 4.92365448712891 -1.88482957329329
2.72070254743795 -1.74145571867929 1.5030570844612 2.78499698905489 -1.61058841772457 2.43750621691701 0.693684958377061 2.08117276557585 -1.01822892785885 1.31385507087867 3.73648987574284 -4.15668833593562
0.0843133764343522 -0.493800923450964 4.43204962333166 3.14995451162073 -1.66567398750602 2.47503345976207 -2.02422553429251 0.510087606854311 -0.592383948910977 1.75304647880455 3.54597579868922 -3.97874202785064
0.741404196052466 -5.64964085061559 0.767634855963289 -0.775088585290192 -2.00259564094839 1.28291062599532 -0.372194798713086 -0.335912665882934 -3.22081123055906 1.23386470999062 1.56833595126959 -6.48867514137274
-1.71784642761525 -3.76183685404755 -0.899157580466918 -2.42590780570831 -5.34333693727002 -0.186141238234439 -4.90513378871482 -3.53824762648795 -8.28726266979354 -1.98619699242939 -1.24678871483817 -5.83103790964902
-2.68079379380254 -4.64421501901732 1.29388155286673 1.23848743440077 -3.52078155518841 2.53406828161595 -1.2775886397499 -1.28023447731034 -4.28705953331589 -0.293004879733556 1.16479270973873 -4.68649767617656
0.0601664850499016 -3.4815182051822 -0.356830163431906 1.92267124281403 -0.315388109636574 3.48916502317156 -3.18241715795925 -0.622727298958257 -2.5015608568855 1.98299287699526 0.698534081007251 -2.71310460499842
-1.49684734752449 -8.61926806822795 0.35661437477848 -3.12789361420481 -0.869475254766973 -1.26550249655122 -2.15986733308845 -0.826668848530259 -6.31998046899205 -2.0975439789491 -0.287906730522544 -8.42724944733526
-0.0404822348726135 -5.94496027048127 -1.82767405552666 -3.41634156349356 -4.41836788370585 -0.428653258930072 -4.66900652698994 -2.89444594344779 -8.81358264279008 -1.24068986061449 -3.38084630502243 -7.71235214270719
0.362931377430547 -5.65483021591465 1.18231683019402 -0.207412311054239 -2.742798466656 1.95376824005898 -1.97329395851358 -1.19749822902501 -1.3118549370727 -0.93413117687435 2.49554454359479 -4.90971666021339
-2.76260446290437 -3.84067908298726 1.50442741881741 -1.15142687173544 -3.51424123732901 2.95025072002294 -1.63617108976903 -0.569366234243656 -3.19608040679888 2.25885585187104 -0.677712000959098 -5.43318602543469
2.6945299260612 -1.28092790909797 0.156439852334036 1.02451688380201 -0.415206886197797 5.50859989969058 0.496669309769941 0.325281823734156 -1.5123217705865 3.65906860179142 2.75370129944554 -2.28460515631423
-0.277801750675245 -3.26266855323725 1.52063417826007 0.131614491866975 -1.90640263400411 0.824531398760149 -1.09432539852006 0.593951680835447 -4.71489452647614 -0.0416622478970807 4.10612071130936 -2.99797736455248
0.667656403182772 -2.72452761382538 2.66574422423335 0.193859745309913 -1.21843024055826 2.57926200966115 -2.46267378316494 -0.601224076371788 -0.819987376899877 0.433556676312431 2.24243323129402 -0.8392118760705
1.53952784095868 -3.64370313210099 1.88607288365598 -1.35290627123367 -2.9549164012003 2.14644487492805 0.928473334167384 0.807459254843127 -2.26235137779166 2.51391119291858 1.98537595401435 -1.85034215646505
-0.630675108908057 -4.27431117711534 1.60093090608902 -1.24098673072957 -2.55471117553883 2.24417092546553 2.15962518024715 1.34940002163642 -3.16370961012339 0.205540054398563 0.647277348476799 -5.88183919535214
-2.77526220865696 -5.45126932722744 2.16410099623398 -1.08581290276099 -4.78043083006218 1.88924465232855 -3.88388412696479 -1.94743561190647 -3.18170017823456 -0.00201835439167897 -0.177544446050378 -4.57076865088101
-0.241674943757119 -4.75579585892495 4.93827468724798 -0.216734373212156 -1.53913019164489 2.45660914063136 -0.111355016990556 1.47143085529232 -3.58268221143356 0.627533848643168 2.1160920144383 -6.89258485221266
0.357210054758291 -4.49490539502012 1.90011527743978 1.40494716369403 -1.87955757437644 1.83059217607459 0.126782371704473 -0.0287008629881627 -0.638179020872045 1.57103341143076 2.08112325292877 -3.97368520234221
-3.0512707950569 -5.23477844093148 -1.23999351742706 -1.25453640321248 -4.4315838716623 0.712555740752361 -4.92624267305562 -2.454621014452 -5.35338964630786 -0.107572648582334 -0.308901996715887 -5.93796420507528
-0.673517457101401 -9.13766229975053 -0.745843326508505 -0.869034426689585 -4.75351588119991 -0.524940471426919 -5.76523804419219 -3.17419599256126 -3.53805260222295 -3.55119938515198 -0.0536333764251674 -4.82570093625474
-1.14543224697425 -5.44498659369937 -1.57805053599471 -2.50169262999225 -4.47753866592676 -0.849506874695314 -2.56655724996553 -1.43844616839869 -9.4106548531742 -0.255612032519937 -0.700694713301138 -6.87041947576416
-0.697088579401254 -3.39396287437508 -0.585663147108537 -1.39732234511183 -1.28828915984109 1.52150814665526 -4.08160926066757 -3.15034981095052 -4.75621705751422 2.89511120556918 0.358504603353533 -5.01407257062673
-0.86485885070024 -6.16259411196883 -0.0999149745308883 -0.0500554876878633 -4.32318020758599 -0.068020099466426 -3.10015975123528 -1.74187549488676 -5.54069850462316 -1.25419225243695 -1.17623342845052 -4.22476390534033
-0.809073144867557 -3.51945735867143 2.35553785140623 0.598648713982847 -3.35254685695589 3.30034573551547 -3.09798545218558 -1.38278177200419 -4.804452081282 2.96697346077555 1.38396897148759 -3.77361599887561
1.50557631893934 -2.79625727071448 2.29926680945314 1.07831116545642 1.05545588910706 2.42075608683344 0.178418050294285 2.72670380130633 -1.61157629575961 4.57376252692136 2.71831667040523 -1.98629703985177
2.16396821109631 -1.57350499704478 5.28262820287588 0.656562875819051 -1.93153403567596 3.01504665964 1.25994440422533 4.50395281527507 -0.195633459838107 2.11767828005242 4.44949881957109 -1.06315897786878
-2.18777105973292 -4.06121623608703 1.38673271546468 -1.38969201362248 -3.60175379381993 -0.0136411256255847 -1.91027481247545 -0.374624254091201 -5.56331833956619 0.903857536413143 2.08345441495628 -4.35123200531745
0.315029867501967 -5.89553589574569 0.517687902527705 -3.97270681217932 -3.32428118130654 -0.81082875078121 -2.08281459683991 -2.17527323595455 -6.28205648147331 -0.778757459043142 -0.778538408410792 -6.94121079278548
1.09957687983796 -3.79421386799541 1.44269373307411 0.106094548574942 -4.32530341171832 1.99505554214415 0.402806488614089 1.7132769883859 -2.61107807214194 -0.746348874664149 1.1182378983188 -3.60259002659275
-0.543934495955756 -2.15234599146725 2.86674856902478 0.740666710762944 -4.11549591215439 1.94894116537308 -1.32568599967807 1.39551495169252 -3.16579454632703 0.506429439107144 1.2348195996214 -3.18729943971874
-0.162565810771111 -1.33081414834262 4.22169866189977 1.16467963391287 -1.28188639692886 3.8306193151867 1.17574114709419 -0.398576138934582 -1.44684807056993 2.89837635869731 1.36982685596898 -4.21420792127918
0.527735054928928 -3.0348442124019 1.22318829161546 2.37576235858368 -2.19678888314611 2.7667448730806 1.8714179414723 0.486521048057552 -2.28997240591693 1.19944718527886 1.1440473219042 -6.00564843822669
0.484867181758963 -5.78417259955752 1.38856849191543 -1.76301009583338 -9.00177011696898 -1.20779227237437 -3.35698543990124 -2.0440314884575 -7.26975125488777 -1.71283929737918 -0.80860598596827 -4.73980129251169
2.08022192379806 -4.17404200327996 1.79381203229533 -0.248847740307604 -2.49199902518239 3.75539030451388 -0.401726806360717 1.16628008010411 -2.60974858915007 1.76836689220511 4.29741739573995 -3.57454981163284
-1.96311038001045 -4.73970286559105 2.78270050027075 -0.292154547611448 -5.5986774023919 1.20864303225843 -2.22578616300331 -3.85359829220133 -3.9959119666563 -0.201947176678264 0.797376916300165 -7.50032293931305
0.117585896770771 -2.91953979529349 1.00524758360242 1.76565637763113 -1.66976935626183 3.59700725144795 0.756348260415832 0.121790304259993 -3.85358000659472 0.217249390240848 2.78242450809046 -3.63193631399022
-0.598578724727206 -3.54300150625161 4.25217126705915 -0.393726220548587 -2.68818461631275 1.32573866162849 0.0172252896480477 0.127758253515357 -3.00847910129842 0.838261754943271 0.596259744998311 -6.63439178416627
-1.81477226789551 -1.2646101114335 1.49129422276973 -0.00254457711154199 -0.844096816321555 1.14736443765748 -4.83272435255165 -3.33136169039961 -2.85831357973953 4.09217620839248 2.80626940335183 -4.15875419391924
0.798595077054585 -2.38301842176606 2.97695068206208 -0.99217084222203 -6.09478203630161 1.76471452693814 -0.457308779641818 1.24821033064979 -2.50493061915565 2.14327921604849 1.5331583206919 -2.98465928992927
3.40392285020856 1.18650536608138 2.98276459245509 0.590442826896194 -0.25348126135699 2.56213607278318 2.40314630959175 3.84735416599509 -1.29351476900785 1.44318412056167 4.01110447456842 -2.49624598194595
-1.69805522397907 -4.2437070133552 -1.63619182473195 -1.2907058630605 -4.40674938373997 1.20775462569553 -2.29538908212104 -2.70861200178018 -5.07746323088326 1.37327632269335 2.126185872668 -4.28516765887204
-1.52657130615421 -2.66774177582275 1.4709783750187 -0.303067808400911 -2.12601584088776 -0.00251060166989175 -1.48520970095006 1.03075290049652 -3.18632415576714 -0.687663213900278 0.299377671821131 -4.43493708514507
0.48613218334491 -1.30503637636115 5.48499797549705 -0.0853428169438586 -1.48119119312491 3.682837727152 2.7162193916693 2.75312343356975 0.231092362649967 4.71674548747751 2.58197289924082 -3.48951112034373
-0.119203913448051 -4.3169772051791 2.38758083389178 0.322114211831303 -2.51788287481614 3.29091535926083 -1.51417957549505 -2.55954937093829 -6.07445874352777 -0.660244981791304 2.05480281754259 -4.81284980723901
-0.420547526718135 -6.38283604604887 -0.992583070943695 0.253232958151929 -4.44165148083602 2.23089262468134 -3.45629721657647 -2.42763176870268 -5.26819188936351 0.482506689224167 -0.800114682229902 -6.55784526596954
1.48839664504009 -0.922288592125746 4.67761387213774 1.97843937792737 -1.41999738375067 5.28208165489614 2.8075601366955 3.07514234131849 -0.370573715271148 2.780157771661 6.37761493166394 -2.40706662537152
0.598729217041314 -3.2118599355112 2.86409548833232 2.33882350861325 -1.8045289798286 3.4277466568652 -1.15221996952755 -0.470047937587306 -1.39874280483053 3.05851282264574 2.6868682707499 -2.45715527132275
-0.839506771418684 -5.61392929951571 -1.80493232062971 0.242698062561115 -3.35550434934635 2.30806951588208 -1.03050336427339 -0.98147283886183 -3.74822408810305 -1.98560518433213 -0.00320901463760292 -5.98200007716841
-1.08982107035092 -4.41182138200451 2.82062307668367 0.318614578342287 -3.13006267861334 2.66294427624077 -1.66548466529435 -0.309164179297223 -3.05403561343911 2.88320772295128 2.2056787742506 -4.02074977548467
-2.64927685115431 -8.04369625941647 -1.23012552535118 -2.15406228215687 -9.26831643278442 -1.25981257320827 -3.44984488475402 -2.62048936122054 -8.82366526443462 -4.12108027461022 -1.87040490193849 -5.32056964566989
-3.09914200098468 -2.11896666901865 1.73817675847342 0.157677692543874 -3.10469677920094 3.19717915178789 -1.06934112459092 -1.56709903019941 -3.61485820423592 2.17244324727462 1.44925971368802 -3.54412450927622
-0.821865957744919 -7.61820983643258 -4.59392792608668 -1.00358175328074 -7.65532117492551 -0.555144935654346 -6.20072975544264 -4.90237296983026 -7.59436725045788 -3.47466774872169 0.0572943249476574 -8.09881667281624
0.895398310780754 -1.9841994535273 2.11811520341377 -2.22112718381488 -3.41231393285375 1.47195843112329 -1.66251457374999 1.23715238949914 -2.71817521326239 -0.402349679956366 2.5313488488232 -1.54730441059113
-0.797654933067447 -3.63034449315537 3.10117254848281 1.48863784964994 -1.49865289783745 3.0692945273829 -0.824593170951621 0.15717574246971 -3.97813359108187 1.25767080601938 2.71917110901931 -3.65230837219894
-0.214779927862342 -2.88561068730231 3.07662743735233 2.27928387227193 -3.9716431483922 5.52629099032346 -0.382278325346943 -0.692220119060698 -0.957609601411443 1.18687495935318 3.06580368869167 -5.7944913404316
3.35297952237774 2.22536422022097 6.31581105312826 0.11486872385235 1.50122406542211 3.48757043112467 0.403899801415325 3.12600198450967 1.17377865526448 4.23667513990725 4.42243446043154 -1.72305330577853
-1.19526145981704 -1.73129957159394 -0.896737500858825 -1.48553591696742 -4.0535725725876 -0.492392899663999 -2.00780806760072 0.256896024063153 -3.88060657858018 0.179693480807763 1.72658861896845 -3.83536746111419
0.608052209290677 -1.39724630745398 0.408449817576932 0.250669427076527 -4.73595656894697 3.81079778920105 -2.87982666124556 -0.439626862043662 -2.5547068697261 0.185599264675547 0.0580261811128984 -3.47314687075199
-2.67826141973745 -4.82452583155135 -0.0209802240104109 -3.5402569420495 -5.33825163208192 1.11320577644889 -5.53297733536067 -1.9547759884029 -6.49541827587937 1.02001416896798 -2.52290794283109 -5.94548291905866
0.253577112262215 -4.56473671257791 1.78240850871629 -1.49499013307423 -0.899334450352834 1.62611528056288 -0.755231336025395 0.490514976185521 -3.38145774699597 0.169248748026321 1.17757563393516 -2.42445469661543
2.4439738832731 -5.24758185486995 1.49628003295489 1.21004846873602 0.486719943182537 -0.821147335689311 -2.21782250428823 1.68372645250096 -2.46249227725749 -1.40349087979107 3.39349880291173 -1.53374116349427
1.13744087544055 -1.60491897677501 -0.181129401835787 -0.90735720930819 -3.76761298318697 0.828787459330789 -0.693418230295688 -1.46033181439125 -3.98262738303197 0.0590736976159353 5.01442063096094 -2.62629405745353
1.52854692050844 0.0441487630352929 5.3146316001331 2.64250875087851 -1.38232011365297 1.93820413507505 0.0725992436941914 2.74890078786113 -1.52918647297566 4.26046108022675 2.52452955244876 -0.235746611623248
1.33940407187822 -2.91508979807736 1.22606811863575 -0.271440046388397 -2.87149186240683 -0.00332521365354679 -1.10142229156298 -0.204922237939476 -3.17563219689774 0.80375049213264 1.69185338950912 -4.2242250028267
-2.26049338138324 -4.77376060587627 -0.50039662645355 -0.925827655099231 -5.72675306778117 0.389076312069546 -1.62870023098608 -1.73601714621309 -4.53120285532147 0.328952778949367 -0.565638392241903 -6.56770796437107
2.65076734716794 -2.2909606802029 5.24482098694089 -0.678631005074679 -3.13282905274192 4.1612401354135 2.12402904442776 0.815824403577666 -2.6074336660084 2.36119533674301 3.03688810886445 -2.57690761723188
-3.72887181636728 -6.07725386895617 -0.778844803323105 -3.63305931529025 -6.67618816905606 -1.99140071482362 -5.54344652798565 -3.35105469283736 -7.43460348368104 0.40134130909693 -3.60737740471918 -4.8345705717441
-0.30725471460697 -3.19789910762203 4.55490326224902 0.518575414990686 0.395626168776898 2.46015664674483 1.61372117861522 3.02776937556139 -2.06253281041085 4.08666301289831 3.00887364842612 -2.8885723160576
0.408165805778019 -0.892017536965072 0.91043435466692 3.09711239452032 -1.09973929367986 2.59672143837494 -1.39585700970835 0.710579586296299 -0.822047948180756 1.05500090915455 1.70972923018602 -1.42991926052773
-2.07665876445343 -4.92483677169876 -0.380114615695707 0.0787672629512422 -2.74800589811435 1.75259455303382 -0.814273949193925 -0.811365201182848 -2.13293232472258 1.62162901537527 1.53200869237375 -4.88215025943529
1.46217991852797 -2.64616705138911 2.02087791483526 0.857534622828956 -1.35901103700135 0.271159431994268 -2.96626187097749 1.10357576255618 -3.27893279198075 1.39150768503394 1.53716081169715 -3.79583029012582
-0.264064518472512 -2.54630513590651 0.780021693658102 2.48030759651491 -1.44324332096748 1.30178315245574 -5.48642450227651 -1.07477558700263 -0.761489438834987 1.82434371263055 0.703949974098254 -2.74536883570194
-0.548164652348177 -3.48824868138222 -1.30857031749338 -2.28254181714613 -8.36769538058721 0.132559214630041 -2.64178983716623 -2.45191338632435 -7.89837284054678 -1.33142523118401 -1.46664140246986 -3.05930378578058
0.462540921958855 -4.23372101477357 4.96305579619302 -1.54744949830698 -1.03699775262059 1.90960059773508 0.644532272112558 1.46835411093638 -0.830112287343413 3.20479987083992 1.88760020386153 -4.24529394092708
0.263525106704856 -6.97466870367249 1.05930192678941 -1.09750922346143 -2.93207732103007 0.184708398430187 -1.59893870574543 1.90783156485644 -3.28792385339452 1.2240760937272 0.957048322231468 -0.918045020067156
-0.165633384544535 -4.37916240091293 1.51217835105957 0.243692654237814 -2.76252601820659 1.73396953546967 -1.53015906241838 -0.312389548474362 -3.23863848311585 -0.241507304972788 -1.26017199957827 -5.50852232865938
-1.04695273346694 -3.71293660808347 2.90386529007232 1.33164004559889 -5.48508523132476 0.41104191215955 0.708381111729762 0.823998682523031 0.7197566823002 1.80342215804831 2.75794049628089 -3.67775059752226
1.31247386820004 -3.33733835320134 0.861427128471852 0.447441163715424 -3.40105303548816 2.07980428802428 -3.29160307964323 -0.437036540057492 -3.75165489166253 -1.22052649076906 3.69351203577049 -5.34484336697951
1.46243829156285 -0.788710499722168 1.43829914702086 2.52981567428023 -1.8440273566471 1.36614076290514 0.0305731060270207 0.180653906300931 -2.08298435978441 -1.8660196750085 3.08395873553442 -3.56467834104787
-1.41508590697358 -2.73293302119064 3.82424178333176 -2.30918362761168 -5.07089237240517 0.573484246824861 -1.42627580858559 1.40020191877906 -5.38248706200088 -0.841461581168126 0.461931947744666 -5.64138215715193
-0.57146577765676 -4.01368982374561 -0.584977545651035 -2.11571136211832 -3.30685856699786 2.27927295919975 -2.78138619740232 -1.02524745885509 -5.31804974205068 0.408785998834508 -0.148616958086878 -4.10878209591325
1.58357220427276 -1.29100432628196 3.97151210683831 1.20620580385266 3.10602204310562 5.27903993039595 1.03041480034978 4.15143743563879 2.54132317378572 3.85056492802281 4.73555666691563 0.823201802406723
-3.31916295414142 -5.93913325467514 2.41696322115097 -2.52094665025317 -6.27102012659982 -0.02980586397246 -0.906261663345224 -1.42561288731933 -5.70073528774659 1.76331066218264 -1.40281997914286 -4.15951325824171
-1.86927033137999 -6.79137919554761 -0.972829928186678 -0.326301032965582 -2.83578540724678 0.386300679226059 -4.5092833306279 -0.701780851198516 -7.52783616709279 -0.288600364812623 -0.16864960416943 -4.15836701076972
1.51322812167846 -1.41523774865584 3.63573945125847 1.45779018279049 0.923672958088187 4.27873758152153 -0.243769483524992 0.388886117939894 1.24279474209311 3.80711275967036 2.41909971592202 -1.9138750109296
-2.27982198124461 -4.83682950567542 -6.36306995692886 0.771893641851882 -5.71420078290364 1.43125873035184 -3.9907770696244 -1.79129192045159 -2.31310902297904 -3.65001936861542 -0.897593798083249 -2.55501251763216
2.41909034984279 -3.23291452351062 -0.418330284315843 -1.92212653057019 -3.18238849731007 1.32706492448229 0.832062096021026 1.43750190471525 -4.66611544147195 0.428338835618218 -0.796359968613656 -5.42855585417014
-0.338322280414335 -4.94292770236043 0.694244468896723 -1.00651809936151 -4.32388589498521 1.02543095217746 -4.24829159253503 -0.458241795635007 -4.84477500161802 -1.10746330813118 -0.539062579105404 -2.91888926706411
1.88175656075064 -2.7102413191498 2.27075302510349 -0.00861263958819886 -4.12332426998094 2.51480962469139 -1.4695103565301 0.978577395245537 -5.22940536668109 2.48124201632137 2.26863465656092 -4.98267577345829
-0.172224524214095 -2.79700993198911 4.64540658304617 0.83012755460164 -1.10894511829045 3.88610049711749 -0.230883729797701 1.28630302182263 -1.30553425778096 1.77227207492728 1.68281957414684 -3.44655172237817
3.24048770216491 0.264065202513006 2.07773007620501 3.37038065951559 1.44716443976165 4.51192640943419 1.91180851908904 2.70833749785153 0.316131413571645 1.02452468611773 5.86701313357272 -0.770139952313116
1.3342056017804 -1.2959755078497 1.70592987776451 1.45727600527289 -0.166258093023608 1.56383159030818 -1.6214649478949 -0.410728210111919 -1.25501073608922 2.73593502536904 2.26799579789683 -3.60964272118688
-0.662386866167182 -2.16803887674623 -1.01901308593852 -1.20580412798491 -5.08089280714719 -1.15614934586355 -4.91035855236872 -3.59370689587497 -7.27177472488415 1.88891585940003 0.0238931431606756 -6.00245089117473
-0.64346817854704 -4.81133099817489 1.36846686874875 0.400972206786857 -2.11229195673479 -0.613940160418349 -1.90004322451918 -0.0730147195622651 -1.25204412474012 1.04817530749134 3.14417724838288 -2.37666500635534
0.315877772160825 -1.65181743809944 1.74634374693395 1.38617517295364 -1.92292220204058 2.79131308859353 -0.540589958354874 1.28041256991605 -1.43911803248275 1.40249160125613 2.92975960604108 -0.953289691121528
-2.18191797586433 -6.06852763865811 -2.41524880721996 -0.396856718964505 -8.62329377056743 -0.130213013887519 -3.80234487816521 -4.79854809245206 -7.30490783298984 -1.06491028458539 -2.30019178832202 -7.83550595284226
-0.91839297964482 -6.82997935060563 1.94009949485207 -1.42935999938988 -1.24307558914405 1.70397090294179 2.64056979907638 1.12895619616079 -5.78526629991028 2.31303821741738 -0.326205166242678 -8.10458789578701
0.21407743031553 -6.84543422708198 1.6215657955389 -0.324982497152607 -2.46217123942302 0.651444767019992 -0.445848844644031 -1.68545399698201 -5.48196079600318 -1.55479564191885 1.69823957289226 -5.42245439711837
0.981256513926938 0.707947079826127 3.86404156763304 4.51280077548273 -2.01691950118366 4.35777269245167 -2.390132456956 0.752216929835173 -0.584429293000757 2.12874354102342 6.64510306970351 -0.400047102602946
0.5730732899396 -3.20599088080552 2.41508587699696 1.64758454913306 -1.61217745597576 3.41525930901173 -1.23531115191994 0.160219233157467 0.203561312765343 2.18225184937966 0.559172481508109 -0.0490732691482143
0.288163960678111 -1.89170445886265 3.33077235149468 1.62505215438537 -1.34434551603757 2.60700121894211 0.380580150706254 -0.322295758668197 -2.42200992274169 0.765900416089497 1.81639485604929 -2.86131028938679
1.53552509011167 -1.1397661058422 5.9638330714072 0.977833012499234 -1.64047860953508 5.83504744765007 3.17521766962192 2.80287855190892 0.556658899454591 3.35466260564471 4.45604023005858 -0.250319385700924
-2.15132078070661 -6.86189522868473 -0.70512597440145 -0.340363244382381 -4.55633093877012 -1.26588543093324 -5.23617103417528 -1.35084169449394 -6.06982073367181 -1.06914066000303 1.97652521826574 -3.77750365460612
-0.400674360986081 -0.470457534284469 -0.300919637481209 0.698193646577846 -4.24081999163178 3.50399068314633 -5.59521735174305 -1.23399114086194 -1.0284085556546 0.356746328235576 0.42602131674142 -3.04370736733301
-0.746026256207937 -7.03571709125554 -0.385291325027558 -1.64948722520942 -8.10542757644255 -0.673099022728619 -2.46892028364413 -3.17515538442283 -7.72077832947168 -1.73261053809125 -1.58081631727534 -7.0195374128676
-4.08690405435783 -8.53581140789567 -2.59899066485118 -4.06851356741587 -5.07907412201928 -1.80099302501949 -5.99673948699732 -3.93274973307017 -10.3457056532528 -2.10147218400886 -3.27606795594952 -9.18436461256332
-0.79359480742629 -5.54902370558968 1.97031621540608 -0.410630752263609 -1.44617341901974 1.16817483408375 -3.44612239896064 0.980138207801695 -3.6576537474546 2.80267108499322 1.21417823148162 -2.38574551559619
0.0486329049601267 -2.37068536615525 4.15538555282294 2.93298103017953 -3.50514135312709 3.09376069668792 0.0868387165287374 1.45958184579853 -3.17683622400621 1.79067604144049 0.492852911294188 -2.50796431827261
-1.04815654053149 -1.75215582946676 -0.576138192757156 -0.864954373273304 -5.02530328443928 1.6702680176846 -4.9537901855385 -1.05973285462996 -5.23057453630752 -1.747479706123 0.66796757980886 -7.09708919162426
1.22595387026921 -2.53874811968641 3.28498807671827 2.11040116435937 -1.97293336901551 2.88607441860381 -0.178999294005724 0.19565867989671 -2.14740326373124 0.627153931433259 4.18319682474839 -3.02676067008541
-0.370856224283308 -4.67780883628919 2.75854414502936 0.0988109159955907 -0.422864421978655 1.47985389661849 -0.980742198159422 1.17943451445207 -1.43421764329556 0.898203860671008 3.51282513982768 -2.97277855176656
1.46869370673996 -2.38090917576837 0.268269650305762 0.688046056761505 -0.0946089780168051 3.19382276766739 0.549767322260919 1.41650503813808 -2.50085906630797 1.81271616932455 3.47733823536861 -3.96026229799443
3.07010562121151 1.19205930781077 2.26285594536589 3.64786963237462 2.10229883795028 4.63941487534642 1.02980467489443 1.21573279074704 -1.00269725890021 4.10151625136181 7.44181181189021 0.439070799214185
1.51502896902561 0.56851000370881 3.30967443214805 2.66132455863281 -2.92101537586942 3.76521742597605 -1.16713075744677 -0.0279928219092158 -1.43705369088868 2.71835766772626 2.23033400297991 -0.1032477291484
-1.8547426326923 -5.15770297979557 -2.98545251023145 -0.402017644558858 -5.86976022630558 3.16674530233732 -2.53432333800584 -5.46126321079306 -6.55299951126849 -1.6950405870061 -1.75181574676376 -5.2982247786348
0.296584792433079 -2.92740784607751 -0.271173353660357 0.0654513560252949 -1.59672696768689 2.87871575306363 1.52536099717553 0.149615996474915 -2.20611746390257 0.949762464932509 3.13278173965791 -3.23856425975671
0.181993211726205 -2.5497229170356 2.26008048212745 1.40090513262129 -0.936137050973932 3.11471400340946 -2.11886703997735 -1.56804723284493 -1.19681116988193 -0.003860314431128 3.34247183294453 -4.10276631966957
-0.311415278532471 -3.39543071219584 1.37597523371757 0.0318132396019396 -2.33152763545196 2.89290457888604 -0.76529320140088 1.26258868885868 -3.11770694851544 1.80955954518177 1.87084697933793 -2.15759786039303
-3.01793044506444 -8.45536435880182 -0.473975016033361 -3.38188873825441 -5.38683902600086 -1.41616669652249 -6.82547499944763 -4.78476167149943 -5.92968115052551 -1.60840364652915 -2.24898448262446 -9.00596172835319
-4.43965530432927 -6.19723187822197 1.14605608339279 -1.11704261242966 -4.78390831731417 3.28685961687253 -0.894958061579374 -3.6362522060182 -6.06900972790876 1.50380532692052 0.352805715964136 -9.05483839633659
2.03838354183673 -3.59386575581271 2.36817179273814 0.426951598901171 -0.41847269747246 1.93594555047395 -1.11389152221396 1.47888030716395 0.522282381664226 2.07313008038604 0.982897745313381 -3.78480635152593
1.59972884006559 -0.789737588583502 3.59333521119406 1.56152919430133 1.56573073715737 3.41381028944994 1.17285280682965 3.28924943925093 1.07692747336223 3.29399486284015 4.71970473981789 -1.82923515882082
1.78484195907639 -2.78741758606919 4.03451614191349 2.32445694782911 -0.137082432066538 4.43021304534351 1.65164047211305 4.24254978973059 -0.362087703277348 2.78372193206145 5.2366042840538 -0.300585549126037
-0.00356525190292095 -1.92361675326114 4.77589769435708 2.36429004017622 0.385064593889349 4.26906303898891 -1.15049589789604 0.144186105251284 0.507432487355093 6.38325949988626 2.70635168811168 -1.18064661133417
-2.39261484370008 -4.5687828973651 1.68486083570184 -1.59421345441128 -4.38543465858969 2.25463497689597 -3.24842204050475 -2.70686317041111 -4.69347728622685 1.5551310767373 0.192523906229316 -3.92356733412346
