                    Logit Data                    
==================================================
Attribute       Type         Levels
-----------------------------------
Attribute 1    Linear          1
Attribute 2    Linear          1
Attribute 3    Linear          1
Attribute 4    Linear          1
Attribute 5    Linear          1
Attribute 6    Linear          1
Attribute 7    Linear          1
Attribute 8    Linear          1
Attribute 9    Linear          1
Attribute 10   Linear          1
Attribute 11   Linear          1
Attribute 12   Linear          1

12 parameters to be estimated.

200 total units.
Average of 3.7 alternatives in each of 24 sets per unit.
4800 tasks in total.

Table of choice data pooled across units:
Choice  Count   Pct.
--------------------
   1    1333   27.77%
   2    1484   30.92%
   3    925    19.27%
   4    1058   22.04%

      MCMC Inference for Hierarchical Logit       
==================================================
Total Iterations:          20000
Draws used in estimation:  10000
Units:                     200
Parameters per unit:       12
Constraints not in effect.
Draws are to be saved.
Prior degrees of freedom:  5
Prior variance:            2

MCMC Iteration Beginning...
Iteration  Acceptance   RLH     Pct. Cert.   Avg. Var.   RMS     Time to End
      100  0.365        0.350   0.178        0.42        0.56    4:23  
      200  0.302        0.417   0.316        0.70        1.11    5:42  
      300  0.303        0.449   0.379        0.95        1.46    5:29  
      400  0.305        0.466   0.410        1.17        1.69    5:34  
      500  0.302        0.472   0.422        1.30        1.80    5:07  
      600  0.307        0.478   0.431        1.49        1.91    4:51  
      700  0.301        0.481   0.437        1.77        1.99    4:40  
      800  0.304        0.483   0.440        2.11        2.09    4:33  
      900  0.299        0.483   0.440        2.30        2.12    4:42  
     1000  0.302        0.482   0.439        2.43        2.16    4:52  
     1100  0.307        0.482   0.438        2.59        2.20    4:55  
     1200  0.305        0.482   0.439        2.78        2.28    4:56  
     1300  0.309        0.486   0.444        2.99        2.34    4:46  
     1400  0.301        0.486   0.445        2.95        2.34    4:38  
     1500  0.300        0.485   0.444        2.76        2.27    4:31  
     1600  0.299        0.485   0.443        2.66        2.24    4:26  
     1700  0.306        0.483   0.441        2.63        2.22    4:27  
     1800  0.306        0.482   0.439        2.52        2.20    4:22  
     1900  0.302        0.481   0.437        2.59        2.21    4:16  
     2000  0.305        0.482   0.438        2.58        2.20    4:12  
     2100  0.306        0.483   0.440        2.78        2.25    4:08  
     2200  0.307        0.484   0.441        2.96        2.29    4:03  
     2300  0.307        0.482   0.438        2.67        2.24    4:01  
     2400  0.310        0.482   0.439        2.55        2.20    3:57  
     2500  0.304        0.482   0.439        2.46        2.18    3:53  
     2600  0.304        0.484   0.441        2.38        2.18    3:50  
     2700  0.305        0.483   0.440        2.49        2.21    3:47  
     2800  0.305        0.482   0.438        2.50        2.24    3:44  
     2900  0.298        0.484   0.441        2.64        2.25    3:41  
     3000  0.300        0.484   0.442        2.61        2.23    3:38  
     3100  0.302        0.485   0.443        2.97        2.31    3:36  
     3200  0.306        0.485   0.443        3.36        2.41    3:33  
     3300  0.307        0.487   0.446        3.94        2.53    3:31  
     3400  0.304        0.486   0.445        4.07        2.56    3:30  
     3500  0.310        0.487   0.447        4.13        2.56    3:29  
     3600  0.306        0.487   0.446        3.79        2.50    3:27  
     3700  0.303        0.486   0.444        3.57        2.44    3:25  
     3800  0.303        0.486   0.444        3.37        2.40    3:23  
     3900  0.305        0.485   0.443        3.24        2.40    3:21  
     4000  0.304        0.485   0.444        3.16        2.37    3:19  
     4100  0.298        0.484   0.442        3.05        2.34    3:17  
     4200  0.297        0.482   0.438        2.96        2.31    3:15  
     4300  0.306        0.483   0.440        2.95        2.32    3:14  
     4400  0.304        0.483   0.440        3.06        2.35    3:12  
     4500  0.299        0.483   0.440        2.89        2.33    3:10  
     4600  0.303        0.483   0.440        2.90        2.31    3:10  
     4700  0.309        0.487   0.446        3.23        2.41    3:08  
     4800  0.306        0.486   0.445        3.10        2.39    3:07  
     4900  0.309        0.485   0.442        3.05        2.35    3:06  
     5000  0.300        0.484   0.442        2.74        2.26    3:04  
     5100  0.307        0.486   0.445        2.71        2.29    3:03  
     5200  0.307        0.486   0.444        2.70        2.30    3:02  
     5300  0.298        0.483   0.440        2.45        2.23    3:00  
     5400  0.303        0.485   0.443        2.47        2.20    2:59  
     5500  0.305        0.486   0.444        2.68        2.25    2:57  
     5600  0.301        0.486   0.445        3.08        2.35    2:55  
     5700  0.305        0.485   0.442        2.98        2.33    2:54  
     5800  0.306        0.484   0.442        3.00        2.32    2:54  
     5900  0.303        0.486   0.445        2.73        2.27    2:53  
     6000  0.305        0.486   0.444        2.88        2.30    2:52  
     6100  0.301        0.485   0.443        2.81        2.28    2:51  
     6200  0.300        0.483   0.440        2.44        2.19    2:50  
     6300  0.305        0.482   0.438        2.21        2.14    2:49  
     6400  0.305        0.483   0.439        2.25        2.15    2:49  
     6500  0.301        0.483   0.440        2.56        2.23    2:48  
     6600  0.307        0.484   0.442        2.66        2.25    2:48  
     6700  0.302        0.484   0.441        2.54        2.24    2:46  
     6800  0.306        0.482   0.438        2.45        2.20    2:45  
     6900  0.304        0.482   0.439        2.34        2.15    2:44  
     7000  0.307        0.484   0.441        2.55        2.19    2:42  
     7100  0.304        0.486   0.444        2.81        2.28    2:40  
     7200  0.314        0.487   0.446        3.16        2.37    2:38  
     7300  0.306        0.486   0.444        3.70        2.50    2:37  
     7400  0.304        0.485   0.443        4.18        2.59    2:35  
     7500  0.297        0.485   0.443        3.77        2.50    2:33  
     7600  0.305        0.485   0.443        3.21        2.37    2:31  
     7700  0.305        0.486   0.444        3.08        2.34    2:30  
     7800  0.301        0.485   0.443        3.04        2.33    2:28  
     7900  0.307        0.484   0.442        2.70        2.28    2:27  
     8000  0.302        0.484   0.441        3.01        2.34    2:25  
     8100  0.308        0.487   0.446        3.51        2.45    2:23  
     8200  0.305        0.486   0.444        3.44        2.43    2:22  
     8300  0.303        0.486   0.445        3.54        2.47    2:20  
     8400  0.303        0.486   0.444        3.55        2.45    2:19  
     8500  0.306        0.488   0.447        3.68        2.48    2:17  
     8600  0.305        0.486   0.445        3.52        2.46    2:16  
     8700  0.308        0.483   0.440        3.11        2.36    2:14  
     8800  0.305        0.483   0.440        2.78        2.29    2:13  
     8900  0.302        0.485   0.443        3.13        2.37    2:11  
     9000  0.301        0.483   0.441        2.61        2.23    2:10  
     9100  0.304        0.482   0.438        2.41        2.17    2:08  
     9200  0.306        0.481   0.437        2.40        2.15    2:07  
     9300  0.305        0.482   0.438        2.45        2.19    2:06  
     9400  0.308        0.481   0.437        2.65        2.25    2:04  
     9500  0.303        0.483   0.441        2.81        2.28    2:03  
     9600  0.307        0.485   0.443        2.80        2.28    2:01  
     9700  0.307        0.488   0.447        2.90        2.32    1:60  
     9800  0.305        0.485   0.443        3.00        2.35    1:58  
     9900  0.300        0.485   0.443        3.02        2.36    1:57  
    10000  0.300        0.485   0.444        2.91        2.33    1:56  
    10100  0.307        0.486   0.444        2.75        2.30    1:55  
    10200  0.302        0.483   0.440        2.84        2.30    1:53  
    10300  0.301        0.484   0.442        2.76        2.29    1:52  
    10400  0.305        0.484   0.442        2.60        2.26    1:51  
    10500  0.306        0.483   0.440        2.49        2.22    1:49  
    10600  0.304        0.485   0.444        3.03        2.35    1:48  
    10700  0.306        0.487   0.446        3.43        2.44    1:47  
    10800  0.308        0.487   0.446        3.21        2.38    1:46  
    10900  0.303        0.488   0.447        3.40        2.42    1:44  
    11000  0.301        0.487   0.447        3.34        2.42    1:43  
    11100  0.308        0.486   0.444        3.14        2.37    1:42  
    11200  0.308        0.483   0.440        2.72        2.27    1:40  
    11300  0.301        0.484   0.441        2.59        2.23    1:39  
    11400  0.304        0.483   0.439        2.75        2.28    1:38  
    11500  0.306        0.485   0.443        2.69        2.25    1:37  
    11600  0.300        0.483   0.440        2.65        2.23    1:35  
    11700  0.306        0.483   0.440        2.61        2.25    1:34  
    11800  0.304        0.485   0.443        2.64        2.24    1:33  
    11900  0.301        0.486   0.444        2.88        2.29    1:32  
    12000  0.305        0.483   0.441        2.74        2.27    1:30  
    12100  0.298        0.483   0.441        2.77        2.29    1:29  
    12200  0.303        0.484   0.442        2.65        2.26    1:28  
    12300  0.305        0.484   0.441        2.67        2.26    1:27  
    12400  0.310        0.484   0.442        2.60        2.23    1:26  
    12500  0.299        0.485   0.443        2.49        2.21    1:24  
    12600  0.304        0.484   0.442        2.62        2.21    1:23  
    12700  0.305        0.483   0.441        2.44        2.17    1:22  
    12800  0.301        0.481   0.437        2.67        2.22    1:21  
    12900  0.308        0.482   0.439        2.66        2.22    1:19  
    13000  0.305        0.484   0.442        2.70        2.25    1:18  
    13100  0.305        0.485   0.443        2.73        2.28    1:17  
    13200  0.296        0.485   0.443        2.68        2.29    1:16  
    13300  0.303        0.483   0.440        2.72        2.31    1:15  
    13400  0.304        0.485   0.443        2.99        2.38    1:13  
    13500  0.305        0.487   0.447        3.40        2.47    1:12  
    13600  0.304        0.486   0.445        3.30        2.43    1:11  
    13700  0.299        0.486   0.445        3.26        2.39    1:10  
    13800  0.302        0.485   0.442        2.91        2.30    1:09  
    13900  0.305        0.486   0.444        2.97        2.32    1:08  
    14000  0.304        0.484   0.442        2.76        2.27    1:06  
    14100  0.304        0.483   0.439        2.36        2.17    1:05  
    14200  0.307        0.484   0.441        2.52        2.22    1:04  
    14300  0.301        0.483   0.441        2.78        2.26    1:03  
    14400  0.307        0.483   0.440        3.13        2.34    1:02  
    14500  0.305        0.485   0.442        2.95        2.30    1:01  
    14600  0.302        0.483   0.439        2.76        2.27    0:59  
    14700  0.302        0.484   0.441        2.55        2.22    0:58  
    14800  0.304        0.482   0.438        2.53        2.23    0:57  
    14900  0.304        0.485   0.444        2.89        2.31    0:56  
    15000  0.303        0.485   0.443        2.85        2.29    0:55  
    15100  0.297        0.484   0.441        2.75        2.27    0:54  
    15200  0.295        0.482   0.439        3.15        2.38    0:53  
    15300  0.309        0.485   0.443        3.07        2.37    0:52  
    15400  0.298        0.484   0.442        2.79        2.28    0:50  
    15500  0.302        0.483   0.440        2.65        2.25    0:49  
    15600  0.303        0.485   0.443        2.84        2.29    0:48  
    15700  0.307        0.482   0.438        2.64        2.24    0:47  
    15800  0.308        0.482   0.439        2.62        2.24    0:46  
    15900  0.307        0.483   0.440        2.71        2.28    0:45  
    16000  0.308        0.486   0.445        3.08        2.36    0:44  
    16100  0.304        0.484   0.442        3.15        2.36    0:43  
    16200  0.307        0.483   0.440        2.93        2.31    0:41  
    16300  0.306        0.487   0.446        2.83        2.28    0:40  
    16400  0.307        0.488   0.449        2.85        2.30    0:39  
    16500  0.302        0.485   0.443        2.48        2.23    0:38  
    16600  0.298        0.482   0.438        2.11        2.12    0:37  
    16700  0.301        0.481   0.437        2.20        2.13    0:36  
    16800  0.304        0.482   0.438        2.40        2.19    0:35  
    16900  0.304        0.481   0.436        2.56        2.23    0:34  
    17000  0.301        0.482   0.439        2.56        2.22    0:33  
    17100  0.303        0.486   0.445        2.75        2.25    0:31  
    17200  0.311        0.487   0.446        3.12        2.35    0:30  
    17300  0.299        0.485   0.443        2.99        2.32    0:29  
    17400  0.307        0.486   0.444        2.76        2.27    0:28  
    17500  0.306        0.483   0.440        2.65        2.25    0:27  
    17600  0.304        0.484   0.441        2.62        2.25    0:26  
    17700  0.307        0.484   0.441        2.65        2.25    0:25  
    17800  0.305        0.483   0.439        2.56        2.22    0:24  
    17900  0.303        0.483   0.440        2.67        2.25    0:23  
    18000  0.303        0.484   0.442        2.72        2.25    0:22  
    18100  0.301        0.485   0.444        3.03        2.33    0:21  
    18200  0.303        0.486   0.445        2.96        2.35    0:20  
    18300  0.304        0.487   0.446        3.13        2.40    0:18  
    18400  0.304        0.487   0.447        3.25        2.43    0:17  
    18500  0.308        0.488   0.447        3.30        2.45    0:16  
    18600  0.303        0.486   0.445        3.03        2.36    0:15  
    18700  0.309        0.483   0.440        2.71        2.26    0:14  
    18800  0.303        0.482   0.439        2.67        2.24    0:13  
    18900  0.300        0.480   0.435        2.65        2.22    0:12  
    19000  0.305        0.482   0.437        2.70        2.24    0:11  
    19100  0.302        0.481   0.436        2.69        2.24    0:10  
    19200  0.301        0.483   0.441        2.75        2.27    0:09  
    19300  0.301        0.486   0.444        2.87        2.29    0:08  
    19400  0.303        0.484   0.442        2.89        2.30    0:06  
    19500  0.303        0.484   0.441        2.52        2.19    0:05  
    19600  0.298        0.484   0.441        2.69        2.23    0:04  
    19700  0.304        0.483   0.440        2.70        2.26    0:03  
    19800  0.301        0.483   0.440        2.75        2.30    0:02  
    19900  0.307        0.483   0.439        2.85        2.32    0:01  
    20000  0.301        0.484   0.441        2.78        2.30    0:00  

Total Time Elapsed: 3:35

Writing estimated unit-level betas to Rbetas.csv in the working directory

