20000 100 12 0.35177553910421 0 0
-2.29087173533128 6.10673909416107 -1.64312094112358 1.82840579213594 0.657136276817809 -2.53743362803369 1.46370119458749 1.03155408456988 7.3612565746515 1.41691102585813 5.45825461826524 -0.21048650455634
5.07628572524002 -0.605441788896729 2.20604813008089 2.2772558242263 3.28260435644099 8.70398860907411 5.09606404405092 -0.29498256513665 -2.5541442796607 -1.22314169387829 6.92540294992435 -1.46082080291173
3.61916153328119 2.70133002735174 -1.09556215410942 3.85568403019339 -3.70296444145418 2.90381028314865 -9.26198586833192 2.06092794075197 -1.2417539195593 7.35279405804208 4.8793958185469 -1.61338198070882
-3.01228244587801 7.23061650106785 2.9368874208173 1.54572343275459 -3.81703717579306 4.09365907407674 3.53111820055101 4.16810853991592 2.54536669484849 -3.97484806051993 9.57127385090934 6.14087897267275
0.112398710879523 7.28338127666266 2.85857564602607 -1.28654444683202 -1.80369391137642 0.713046717651238 3.54959854225047 -0.510735255504482 2.65764480946536 0.566904113999502 3.37131562231505 -0.514237440953949
1.11320852583325 0.448798126227557 5.97754795546838 -0.237246755235643 2.55147107532092 4.79685898144538 8.73077712304314 3.0371192693687 2.07516373477646 -6.63633372259336 6.80953585854906 3.37909415052581
0.917860786999946 6.24383827183916 0.891018806008842 -0.689972554570421 -2.99948190567223 2.61648706998437 3.41634971534681 -0.592108775425967 1.99100531081593 -3.06701157613552 7.98924923359554 -0.153348111871245
1.38712111298762 2.09761249107821 -0.657220632957313 1.97620955264408 0.948304703919415 5.60711271400148 0.652191621623115 3.53084087419696 0.368677208243938 4.4715793622002 1.04030200428459 1.4921466648551
-3.40644985248503 3.20893637121963 0.913395723944312 0.380983054543228 -0.903416979436534 1.87789247995401 1.62518989863342 -1.68109612831874 1.77114041641629 7.2857735187532 5.01516495485586 2.23382686053232
0.354265448363494 4.39711222130063 -1.68102785263965 2.83513401081574 -0.615186792589545 5.9921499582293 0.819252365255125 4.71347522229853 0.700408049838147 1.64839861491773 2.67358727737897 5.3581786827032
5.39318254611291 5.69909338160046 2.93153293803377 2.02568189838197 -2.21283427246622 3.70134244510769 0.0052444866488135 3.53181333876803 3.47120094144699 -2.27819362041759 0.817871699863012 3.39761501220393
-2.13934039157002 11.0398281342095 9.22759955191117 -5.1484806336345 3.19641870023412 1.48233041216363 9.60327631641505 -5.02234497266429 4.99586677670121 1.56673952732106 9.41758332531721 7.78645013650943
1.14451424986731 3.2424531514545 2.83456534056475 4.02500515090303 1.5273634412615 4.73847828984795 1.70422455063002 -0.402402945599458 2.26307444415885 -2.65697367207911 3.42922947906479 0.900496450074258
1.71470941254636 0.0449159862760997 6.76708556915112 5.76377596069103 5.60521041293268 5.17642463200812 2.27698036781528 0.115946048327692 -0.721342910381129 3.14212549381493 2.89211063332767 8.14145684877874
5.55786966363042 3.04877014906278 4.86846757710418 4.2473081696699 -1.13097879987263 1.86432194206457 -0.754967440410263 2.77590157675042 1.26103840446346 -5.65070744215522 4.13507462764388 -2.46817024379709
3.57953769555026 -1.0507458696121 3.79359042207613 5.22265947948285 8.19916046471614 6.17244334690177 3.75941367566081 0.966802802620559 -0.319039989098874 2.06525009964319 3.81750374576537 4.30643252391488
-3.58822041478586 6.02821758090193 5.11323556740222 2.415824860815 0.141199883741322 2.49903934646446 0.116946831332711 -0.528993719504511 3.92553869183836 3.18296499866562 9.24433936837184 4.20690778897254
2.24247766149115 6.50240815143751 4.95326572375731 1.44288318687624 0.651813326174037 6.37316358299691 3.37060248751331 1.02167527593383 -0.183933993899503 -0.196416619636168 8.61860764386135 6.54613182426266
-0.489487244097062 4.1317694860894 2.50605447250922 1.72072859988428 0.869022917834573 5.22848588581191 3.76544207531025 -0.816979805062353 1.68923204863931 3.61101569461059 7.58940433195642 6.9024344550201
2.43231908515806 0.873259537444744 2.36528870368431 6.40238314073459 -0.433939052197301 6.57202272619137 -2.17614217074462 2.09496292015781 0.42873183784985 0.864987353247859 9.44077679533638 4.18718476192538
-0.690082918721681 4.66387023602667 3.43102899864499 1.93292435689265 2.4590507801756 2.66003296221483 0.669076166298515 5.36410433787946 4.85432655155075 -1.90284970995927 3.57678353231206 4.25283399493206
1.67482686271683 3.72697270607255 3.50276804487442 5.53034593896274 2.89361572788342 3.54149677620852 1.55721601990117 2.73745035246576 0.404987201146397 -0.615030057107802 1.54095954708752 6.6403521699885
-3.0128982124064 1.1853158486931 2.72667387009546 0.77552066774521 5.80481372973513 1.88217265576664 2.95954139175643 -1.1334713479302 1.72659741866339 7.48035420151693 6.39016215880365 2.90043823837634
1.1855979950161 4.10413316524057 3.54898100254962 6.06853016265253 -1.17803952614294 2.28838004597454 0.621791935066125 1.41059707892235 2.34806503016624 -5.73101139365254 4.04789861273781 -0.0140166420442076
4.15362627965234 5.9290898570028 3.56733291227142 2.86890640748126 2.28037352553505 0.940142262233081 -2.04422557089977 0.498657280397062 1.58596190984987 2.52967188666767 4.2882235474363 0.604175923998084
0.0114673652464777 2.26938545127323 4.93154598509512 6.73988128214569 1.32057160176481 2.18505286286864 -3.57496330251842 2.94627548499379 3.50577241610423 1.52471066435542 8.20124431404512 2.88168003140108
-0.753972325684882 5.18390412950209 5.1488495413991 3.31870703903961 -3.69442292227433 1.06500429659014 -0.31402145509442 6.03324067126267 6.12575204058666 -5.84088313436604 2.77626731849609 6.37171597065063
0.324314514718832 2.42513828815755 3.98455549971488 4.169727974349 2.22772607451516 2.64739141540253 1.84225381148422 0.386943492213885 1.37982328987071 1.66648081999383 6.30059919196385 0.761317498669702
1.29880219316749 5.69836920057696 8.29916895923814 2.1575837723626 2.4416666232953 1.35084817339955 -1.55130646028224 2.19439667501751 0.494789646034711 5.17961345941389 3.82698119752999 6.03344864834124
0.0559708062235209 -2.37565829034786 8.18544946575687 5.56345352664262 2.77349044125413 -1.90752067661073 -4.27566763193903 1.18509159586355 4.66047011384568 -1.14474217923664 6.47463820364452 0.084736871952313
-6.24052393697303 2.97549711003894 2.64716314034971 2.96455957531274 3.51055105106118 11.0563623384993 6.25450304416527 0.750874075646355 -2.82245719778687 3.23459202722171 10.488731922625 8.29554746561677
5.81877546261553 4.24562153318719 3.09261612510928 -0.866840287209073 -0.391522877347272 7.05003429956556 5.28781009555884 0.0519967479210309 0.943255889461182 -2.73627095018543 3.37689910475772 2.1025009978083
2.03193367733756 5.36134965765687 2.34227776041334 -1.51044897875532 0.833599491089941 2.43136383199345 -0.0223916424961741 2.724564645141 -0.127900482355897 5.60956401695641 0.540295265915904 3.95611472014463
-1.27772895255465 0.686859781248474 3.97667275212954 5.99601858719662 4.68946394943072 2.64119816344406 2.32599684436584 1.45846570826239 0.820429495433499 5.32208206019421 2.99846161537186 2.24079942154619
-3.2736879238153 -0.722120168473627 2.76917085333177 6.23122546812078 6.74936431475241 7.17175496093693 6.55416197478845 3.90428510356598 0.182506437351447 0.743698270995657 8.42637427161366 8.85761235383829
2.98534956901855 2.84179630461088 5.1735823361969 0.748850462204703 0.557386023544995 3.17474429942497 -0.55828546922138 3.96369908129736 -0.682717452698558 3.90090059809995 3.37469282823759 6.79351230963085
2.10064056056962 2.34207824013384 5.04012660657572 -0.553450435273826 0.983428190783586 3.88891359494684 2.85459252733437 5.14888162135321 -0.221337029370372 4.58571167988655 -3.47976235005229 11.6068857069482
10.3436195235196 -4.96131995031213 8.27188794829364 4.65641689269748 5.22709330823445 6.56824404493442 -0.630695071097342 0.960875169144008 -2.52376160622335 -0.875879554186375 2.30704653487133 0.11547281854803
-1.06734548753104 2.55759151606148 3.3794279876303 2.93176562009515 0.126755526916803 3.06814973259681 4.75348248583237 1.33625642375893 1.62644952401606 -0.303745568384958 8.22891164402975 5.81631656316405
6.6229712558282 1.9268217487561 2.83111586547562 3.11581922394812 -0.156252616170847 7.76346335939254 1.1585769747534 2.48952162477598 -0.486867551233 -1.94326484352224 1.84302367577387 1.11389697407746
1.82808805908237 5.03000956036145 4.51456731727547 2.45113336957019 2.45172244360548 1.26634058478406 2.92616461416743 4.312924867672 4.45788592824187 1.05795217219609 2.08451938891082 4.76945066763784
0.00306361811097355 3.0629227642444 4.37233618042239 2.84915495938774 -2.36479242854291 3.81259771489644 1.84417314857324 -0.269340962445548 1.65287618220243 2.70527068113669 7.42242498034344 3.77457572007074
0.808568014848014 3.81291517546288 3.65368879090767 -1.49033805569731 0.060214784551176 2.49545973405268 7.30518624630256 -1.9628655985941 0.752222867586449 -0.271333286204868 0.737134173908985 3.6489605332112
-1.0312089922629 6.1372397074387 6.29557947939606 0.728637357141793 0.000776983096788531 1.76495976381414 7.20461790905003 1.43463816146915 3.40117934714364 -4.81658867983566 6.31495630570024 3.68802251727136
-0.0974883850000361 1.49791675952247 -0.050618745942633 3.56507809556018 6.20704158126908 -2.52781232391173 0.700364577848806 1.28614054671435 5.36884956751736 6.60023591412647 0.820312501433758 1.19484875265529
-2.0685991604261 4.16352858475567 2.60266337909446 0.157001330363043 -1.32725966173406 1.95269721102442 2.39022409464838 1.34422911909658 2.95957915753602 7.05926827984758 3.57598007693304 4.12753386574424
3.77822483048309 4.45749239368215 3.62850207493823 3.59784523908776 -1.55703473198046 5.07819678569826 -4.71359633973759 5.68331101239286 0.928013295406308 5.80121333704305 2.01664589517965 3.78462399985603
-1.83963891077423 4.95657418412768 2.04574374339543 6.54392440590635 -1.77752096485446 5.52512185500464 -0.758701042973492 5.65796704095927 0.918259243529975 3.43750778200394 3.59071752087156 5.89334737044611
2.5415918808798 0.375108638268225 5.37562211744574 6.31927929089606 2.11086919235733 1.43255204219442 0.312101058562843 2.33264194988912 0.198769148203431 -2.20098343869293 8.86750344071547 -2.01713319835244
2.42197769856764 0.992690119319926 2.75675085044472 0.407565119769607 -1.60923722853694 0.476154801389118 0.963743720877737 1.26516822397744 2.7089870177437 2.35495435340044 2.00056483190026 0.751092593814311
-2.32168986280147 6.40369412121859 3.7899395770098 -2.45759544060389 -3.41892208351023 0.974704757191538 7.99012802029732 2.42942726159618 5.329736224233 -6.23117593219381 2.00866312457734 3.15753413835951
1.79140770653849 4.09920098122241 6.55489577262928 3.42427830529082 3.99026542309089 6.08492698833329 3.82705408378772 4.25102027706599 1.69841797176073 -0.959757962282274 4.0136280456226 4.15334095994002
-0.265217457487855 3.50677259530031 5.87672966462632 -0.137326881232475 -1.91793132268611 5.60742817287144 3.45344551889861 2.05722245010596 1.38602767413767 1.70616183187173 6.1381842452947 8.08647600299806
3.23991457243413 2.86828391840741 2.20185270508559 4.91798769189016 2.28514517045766 6.21946688050034 2.6113334399916 -0.0406569224627082 -1.23641350883459 2.90275798231671 5.80834903417184 3.95362347152064
-2.02336324115292 4.23438606826948 0.0211610122251219 3.73492939462993 0.211849504017732 -4.80617042839846 -2.95733692027461 2.18113603592828 6.75815384881126 -2.20860431541842 -0.377122316237941 -0.773399368912706
-0.463792120753714 1.38539709746422 -0.39623125927679 3.22250686234105 2.75437559384698 1.90755167770004 1.43833796394564 1.48296945277436 2.23485616420207 1.00208154128732 3.16188124794722 3.56517925260609
-1.29448030223918 0.602833210598138 2.19572804280518 6.14196165377808 3.6113931649188 4.12997600919846 0.966640121389975 0.266687618195479 0.855866876534052 2.36804836357788 5.22441258290707 2.41239196051257
-0.601869163696976 5.92792459576086 2.96626844722014 5.47518053169486 -2.09933894519117 2.43239339895466 -2.00344956720023 5.53000423071395 4.7026849510253 -2.01455805905913 4.29681565278133 5.95462467216677
-3.33582670042326 11.1364099199569 3.30274610214138 -2.24094300524713 -5.48636738145163 -1.96187330104892 1.37217428838533 2.49625878601569 9.15400050671468 -2.69491004113408 6.18919472568406 1.60244926102925
-1.65010512998623 3.49461165520152 0.293382226239947 6.06959484408211 -0.281606275409159 3.28616172752843 -7.17553631037623 8.50397999123499 4.0145086091393 8.17715918189541 2.25145616771198 8.12986547618059
-4.93265035061377 4.66212336848302 7.43047875212418 1.89771106971741 -2.10884386061179 -0.326669112235188 2.58194813296716 0.646616500932211 2.89735615137084 0.721049975539777 7.0381519793289 4.96607120208173
3.71242043263091 7.13022011530078 2.96587727831592 -3.11614010806511 -0.175136160820704 2.74810073616825 6.812138577168 -2.87562423102613 -0.126643062397665 -2.93850893419833 1.54375290787287 -2.61230595235908
0.931121375163731 8.98953316138566 6.79062791084162 -0.97115143770012 2.28234756689402 6.39422375983195 9.0839648071429 0.592837042012389 -0.969620004161597 1.53135334825659 6.86609192445706 6.40855561004488
-0.296222504166929 -1.30681142768314 5.74232411552326 2.56913945714769 -1.42927028910824 3.27464307380697 2.57778063047045 0.121273103494163 1.58212025644806 1.86536052011597 5.0122751722569 2.65173970659498
1.4623333548447 4.29016738245562 0.756443840893433 4.44733685051788 -1.34573658164087 0.620581762058023 -3.79927516976574 4.26614132507624 3.82228538335647 2.60069233745126 -2.86690393313238 1.20398145727914
2.90448952344015 3.81064388354698 -0.392037786833189 3.41380288396442 -0.361004949414281 2.6633155675034 -0.298621655240618 2.14862729931445 0.500942898168002 -1.89463044588209 -1.64539367664062 -0.165256315261107
-3.43497960520555 1.47334541502763 1.29090308319215 0.440106947531912 1.81033569126879 -0.50496436888912 2.25487410658921 -0.795621395770866 1.26479709414454 1.6956625730624 1.48993140975606 1.11598339257291
7.31537466894279 4.54509981523478 -2.54664388041498 3.67571844214022 0.297359437767624 6.41408255237202 -6.8851553859486 8.10733178574886 -2.88527944339166 5.00474628904901 0.391611064411378 2.77040681352524
-4.060279325719 1.68122794964122 0.466896938473313 2.98782059692775 4.42477076953797 1.93946490515833 2.9208924867698 3.38067925832722 3.48938295299181 1.95382310761097 7.41235072650767 4.53696652957999
3.65853587975047 -2.6380597930934 0.780831714476681 3.67871714052316 5.52864201035295 9.70906799841869 5.10955997488444 1.34688837283372 -2.17005511957766 4.45085069378235 5.89233196190263 5.96109348592909
4.54312666475522 3.56849647456361 1.76311144581388 0.896697504248894 0.859950543512171 0.830745440531135 1.66001728751723 -0.815767112871884 4.16663423131781 -1.9650090335168 4.39286969658905 -1.63713248941574
-1.21938088455848 2.8268172979314 5.13960602974867 7.9422804819095 5.60183919316745 -0.189027231778145 2.24292255607875 2.72011386706621 3.20625259835247 -2.32056962369505 0.301166889595527 3.28061507142782
-3.39734819697165 4.78637825701782 5.05368070933069 -0.301298839893923 2.48823848608552 3.01749480950653 3.204162654862 -0.253506146090578 3.08640895206014 1.79097268500117 7.0915462721676 2.81009881910769
8.23930462178583 3.08409202976279 2.47547509030544 2.58185586574436 1.15393381607811 4.94083493188241 -2.1278491472315 2.653060662002 -1.02725432831961 2.74263320656403 -2.13503526395376 0.12935185753687
8.12122295476648 4.38355313871051 0.881334867992222 1.73018047279158 1.4027043244568 3.91370110455275 0.72257225034211 1.01729915950706 2.32574193079839 -1.81069120865213 1.66419120874357 -1.85808095101683
4.8666359650745 -1.15623770765742 1.37002103925255 2.86122418888166 8.34635975326821 1.17415882782048 2.67692334872983 0.775446985695497 1.90957419548679 -0.34205642977398 -4.37308500222321 -0.0916303911865524
0.466833232900553 4.2332888503818 -2.04033112732596 0.594265569800663 -2.73454069701773 5.92300977774318 0.598690742595306 5.2699666219902 3.75433170007729 0.29489231729822 3.84380253448 4.21082245292197
5.25591208891127 1.08917015388715 1.43583608512722 2.50435582791027 2.18087059816938 0.734472986538865 -5.19268823232871 3.00874059719278 2.10701927361843 0.79601918514468 1.99418146375245 -0.98329072158622
4.83251317922793 2.81736611032604 3.97123818545586 1.20327454656899 0.734051600280251 4.24882001960825 -0.663374933843265 2.93364403435679 1.07731682834977 2.64999323638792 1.21986086914151 2.30768915426329
1.86533758505407 2.53382749014153 -0.887966632402438 0.357100080605949 -1.03342552520608 1.27816147610356 -0.999415167338545 1.54067960488235 3.34904062255037 3.29551934733367 1.93965618838888 3.4390167049468
2.2506584507872 -0.408968551714878 1.32945750516469 4.66334538972939 4.31047837580107 4.74057686699519 -0.68845290077081 1.30999150219827 -0.756450274758342 3.96321264617264 6.801460396047 2.84307978095642
1.62081939386279 2.08321579691982 2.91313118249048 6.17807773665156 2.45609842370151 2.0359982204397 -6.27893966510924 5.68797666357567 2.36479030712925 5.13849295971852 4.0916132749053 3.09767348003646
1.90740182197006 7.99295496800116 -0.868604783812726 0.196307730619206 -2.38934736904311 4.67533369805568 0.456548111013236 3.63077950425307 2.16123059430414 2.58060051696172 8.24064722321505 2.56783264796663
-1.00405486170486 2.11445709986737 1.4230316641399 3.24756435960003 1.37125575024796 2.24057880022545 -1.24233556363248 3.88576690733575 2.33668462384645 2.29548132480784 3.24063264786451 3.99146156123298
-1.47693317471394 2.07173032829786 -1.06667498042749 0.921050479695756 0.984610428608769 -0.653287399540343 -0.199024903936927 2.38095884573547 5.85469389996433 2.77219192277441 2.69026026892708 5.35315057595279
-5.46700599058433 7.59662066505947 0.379534816109216 1.62889741879694 -2.34629415938321 6.25755245772579 1.87557316672794 2.61852909946592 0.24319987078641 4.54120643742482 8.68106952889578 7.65358063027241
1.60453628806684 3.56641680743617 2.67303707809252 -0.040394541859537 -0.453188631588032 3.96437758077331 0.671067236960432 4.09451565169526 -1.89441298417286 -1.15532538104441 4.90211599970466 3.74717777018058
3.27200110295345 -1.48475374409191 3.86957528474453 5.20555754533349 2.97131532483408 4.08753391203472 -0.475591521099683 2.81608810918671 0.0979110449057298 5.65199696417618 1.2196241674788 3.00334153537789
-1.99151042239225 0.729174035199241 3.72092822645619 2.80727565465497 4.45096722181919 1.23983900963107 1.39502294870534 0.963334578237918 0.788928764512441 2.06911292541718 4.03061702247967 5.00104467907047
0.922189875219555 4.62754159792435 -1.09122984082245 3.82630874600129 -0.424822856398822 3.68404841799322 6.4692637218769 1.35173571221031 4.04237969699679 -1.36683561198979 1.99077242627168 3.7897638263707
6.40922047273623 -0.771492936661198 7.52908075870617 9.56590854222857 5.04148727790218 5.17972028666683 -2.68132161030446 5.50901623032175 -0.0207281651453808 -0.655771150281744 3.91713538914663 -0.272589698111837
2.32976555528378 -4.87567174541737 9.36590408998977 8.11481951437524 5.62423974161338 0.0556301021985477 -2.50851905027349 3.4943821538537 1.69971079408815 -0.478468707553207 5.04993127233066 3.74590076460375
-1.19482104850854 5.27896856285055 0.982843228091478 -4.0456517099771 -1.75202630357128 2.65910816767957 0.467633890438825 0.804969591040732 2.47819606095843 2.17311784110537 3.57327022235611 3.31523409882225
0.273645960190171 6.25548511103165 2.40924459306363 2.17774954271793 -0.109541001398171 -0.941279831905286 2.93519556019143 0.31264951583295 5.97045575626487 -2.64436814402577 -0.196990901502577 2.14354340910823
0.29075696414018 5.6618469984999 3.18343379211336 2.98412916403458 -1.35184104169822 -0.0738843104339963 3.02942655831185 1.90531323039256 6.4898023848377 -5.26532506998213 2.81337495187639 1.9516969321084
5.24381284121686 7.68890106962544 4.3414225728693 -2.39317262277618 3.26449562208326 7.25735451556546 5.93359763238414 -0.0247557645681944 -1.58546932176598 4.5132138132862 4.37349224408879 4.71939718993905
-0.611776190576946 0.27195431599959 4.85701014751375 3.8087069201081 4.80112089148044 3.57105861529019 1.7400050359097 2.34577999444483 1.65633525466728 4.0630815188934 6.575460022281 3.43856215793335
-2.11855554858301 7.98211576449643 0.696541661855815 1.4369791172361 -2.13926552840399 5.50427460963431 0.812058999510375 3.94995151257156 2.51787735454017 1.04745317866087 5.43533896339971 4.75783525997854
-7.48356536828003 8.18431974162248 -1.95706363886313 4.303348507305 0.418130714593967 0.415631992955377 -3.76370426174503 4.49678362656672 2.72547803784273 8.78050168865427 7.92106182769651 7.6051359752443
-0.761108546467218 8.96702225731575 2.46101668974808 -1.56282309495656 -0.754167755423836 1.65294799598533 5.16056047378889 1.78952063066894 4.63938806743183 0.525010226088567 5.15702384496652 4.90421780505988
